0            0.002
1            0.01407
2            0.0368934
3            0.08634
4            0.115854
5            0.161084
6            0.176609
7            0.194816
8            0.22893
9            0.262277
10           0.295
11           0.314215
12           0.344305
13           0.362704
14           0.393177
15           0.411575
16           0.441473
17           0.46773
18           0.482871
19           0.508743
20           0.527718
21           0.550333
22           0.576397
23           0.60227
24           0.621053
25           0.639452
26           0.662833
27           0.683915
28           0.707105
29           0.722054
30           0.748693
31           0.763451
32           0.782233
33           0.805039
34           0.815964
35           0.841837
36           0.856786
37           0.879593
38           0.894158
39           0.91639
40           0.92789
41           0.94648
42           0.969287
43           0.987494
44           0.998418
45           1.02084
46           1.03617
47           1.05112
48           1.0701
49           1.08505
50           1.10383
51           1.11897
52           1.13411
53           1.15557
54           1.16382
55           1.18221
56           1.20117
57           1.21594
58           1.23779
59           1.24986
60           1.26424
61           1.28264
62           1.29452
63           1.31273
64           1.3317
65           1.34359
66           1.36505
67           1.38019
68           1.39169
69           1.40683
70           1.42542
71           1.44401
72           1.45609
73           1.47468
74           1.48943
75           1.50419
76           1.52259
77           1.53735
78           1.55575
79           1.57453
80           1.582
81           1.60462
82           1.62302
83           1.64218
84           1.65694
85           1.66825
86           1.68722
87           1.70984
88           1.729
89           1.73973
90           1.76216
91           1.78477
92           1.79991
93           1.82214
94           1.84399
95           1.86297
96           1.88577
97           1.9036
98           1.92717
99           1.94844
100          1.97527
102.50       2.03143










































