0.000000    -0.350000
0.207879    -0.346465
0.415758    -0.342929
0.623636    -0.339394
0.831515    -0.335859
1.039394    -0.332323
1.247273    -0.328788
1.455152    -0.325253
1.663030    -0.321717
1.870909    -0.318182
2.078788    -0.314646
2.286667    -0.311111
2.494545    -0.307576
2.702424    -0.304040
2.910303    -0.300505
3.118182    -0.296970
3.326061    -0.293434
3.533939    -0.289899
3.741818    -0.286364
3.949697    -0.282828
4.157576    -0.279293
4.365455    -0.275758
4.573333    -0.272222
4.781212    -0.268687
4.989091    -0.265152
5.196970    -0.261616
5.404848    -0.258081
5.612727    -0.254545
5.820606    -0.251010
6.028485    -0.247475
6.236364    -0.243939
6.444242    -0.240404
6.652121    -0.236869
6.860000    -0.233333
7.067879    -0.229798
7.275758    -0.226263
7.483636    -0.222727
7.691515    -0.219192
7.899394    -0.215657
8.107273    -0.212121
8.315152    -0.208586
8.523030    -0.205051
8.730909    -0.201515
8.938788    -0.197980
9.146667    -0.194444
9.354545    -0.190909
9.562424    -0.187374
9.770303    -0.183838
9.978182    -0.180303
10.186061    -0.176768
10.393939    -0.173232
10.601818    -0.169697
10.809697    -0.166162
11.017576    -0.162626
11.225455    -0.159091
11.433333    -0.155556
11.641212    -0.152020
11.849091    -0.148485
12.056970    -0.144949
12.264848    -0.141414
12.472727    -0.137879
12.680606    -0.134343
12.888485    -0.130808
13.096364    -0.127273
13.304242    -0.123737
13.512121    -0.120202
13.720000    -0.116667
13.927879    -0.113131
14.135758    -0.109596
14.343636    -0.106061
14.551515    -0.102525
14.759394    -0.098990
14.967273    -0.095455
15.175152    -0.091919
15.383030    -0.088384
15.590909    -0.084848
15.798788    -0.081313
16.006667    -0.077778
16.214545    -0.074242
16.422424    -0.070707
16.630303    -0.067172
16.838182    -0.063636
17.046061    -0.060101
17.253939    -0.056566
17.461818    -0.053030
17.669697    -0.049495
17.877576    -0.045960
18.085455    -0.042424
18.293333    -0.038889
18.501212    -0.035354
18.709091    -0.031818
18.916970    -0.028283
19.124848    -0.024747
19.332727    -0.021212
19.540606    -0.017677
19.748485    -0.014141
19.956364    -0.010606
20.164242    -0.007071
20.372121    -0.003535
20.580000    0.000000
