0.000000    -0.628000
0.207879    -0.621657
0.415758    -0.615313
0.623636    -0.608970
0.831515    -0.602626
1.039394    -0.596283
1.247273    -0.589939
1.455152    -0.583596
1.663030    -0.577253
1.870909    -0.570909
2.078788    -0.564566
2.286667    -0.558222
2.494545    -0.551879
2.702424    -0.545535
2.910303    -0.539192
3.118182    -0.532848
3.326061    -0.526505
3.533939    -0.520162
3.741818    -0.513818
3.949697    -0.507475
4.157576    -0.501131
4.365455    -0.494788
4.573333    -0.488444
4.781212    -0.482101
4.989091    -0.475758
5.196970    -0.469414
5.404848    -0.463071
5.612727    -0.456727
5.820606    -0.450384
6.028485    -0.444040
6.236364    -0.437697
6.444242    -0.431354
6.652121    -0.425010
6.860000    -0.418667
7.067879    -0.412323
7.275758    -0.405980
7.483636    -0.399636
7.691515    -0.393293
7.899394    -0.386949
8.107273    -0.380606
8.315152    -0.374263
8.523030    -0.367919
8.730909    -0.361576
8.938788    -0.355232
9.146667    -0.348889
9.354545    -0.342545
9.562424    -0.336202
9.770303    -0.329859
9.978182    -0.323515
10.186061    -0.317172
10.393939    -0.310828
10.601818    -0.304485
10.809697    -0.298141
11.017576    -0.291798
11.225455    -0.285455
11.433333    -0.279111
11.641212    -0.272768
11.849091    -0.266424
12.056970    -0.260081
12.264848    -0.253737
12.472727    -0.247394
12.680606    -0.241051
12.888485    -0.234707
13.096364    -0.228364
13.304242    -0.222020
13.512121    -0.215677
13.720000    -0.209333
13.927879    -0.202990
14.135758    -0.196646
14.343636    -0.190303
14.551515    -0.183960
14.759394    -0.177616
14.967273    -0.171273
15.175152    -0.164929
15.383030    -0.158586
15.590909    -0.152242
15.798788    -0.145899
16.006667    -0.139556
16.214545    -0.133212
16.422424    -0.126869
16.630303    -0.120525
16.838182    -0.114182
17.046061    -0.107838
17.253939    -0.101495
17.461818    -0.095152
17.669697    -0.088808
17.877576    -0.082465
18.085455    -0.076121
18.293333    -0.069778
18.501212    -0.063434
18.709091    -0.057091
18.916970    -0.050747
19.124848    -0.044404
19.332727    -0.038061
19.540606    -0.031717
19.748485    -0.025374
19.956364    -0.019030
20.164242    -0.012687
20.372121    -0.006343
20.580000    0.000000
