0.000000     0.000000
0.303030     0.014820
0.606061     0.029640
0.909091     0.044459
1.212121     0.059279
1.515152     0.074099
1.818182     0.088919
2.121212     0.103739
2.424242     0.118558
2.727273     0.133378
3.030303     0.148198
3.333333     0.163018
3.636364     0.177838
3.939394     0.192657
4.242424     0.207477
4.545455     0.222297
4.848485     0.237117
5.151515     0.251937
5.454545     0.266756
5.757576     0.281576
6.060606     0.296396
6.363636     0.311216
6.666667     0.326036
6.969697     0.340855
7.272727     0.355675
7.575758     0.370495
7.878788     0.385315
8.181818     0.400135
8.484848     0.414954
8.787879     0.429774
9.090909     0.444594
9.393939     0.459414
9.696970     0.474234
10.000000    0.489053
10.303030    0.503873
10.606061    0.518693
10.909091    0.533513
11.212121    0.548333
11.515152    0.563152
11.818182    0.577972
12.121212    0.592792
12.424242    0.607612
12.727273    0.622432
13.030303    0.637251
13.333333    0.652071
13.636364    0.666891
13.939394    0.681711
14.242424    0.696531
14.545455    0.711350
14.848485    0.726170
15.151515    0.740990
15.454545    0.755810
15.757576    0.770629
16.060606    0.785449
16.363636    0.800269
16.666667    0.815089
16.969697    0.829909
17.272727    0.844728
17.575758    0.859548
17.878788    0.874368
18.181818    0.889188
18.484848    0.904008
18.787879    0.918827
19.090909    0.933647
19.393939    0.948467
19.696970    0.963287
20.000000    0.978107
20.303030    0.992926
20.606061    1.007746
20.909091    1.022566
21.212121    1.037386
21.515152    1.052206
21.818182    1.067025
22.121212    1.081845
22.424242    1.096665
22.727273    1.111485
23.030303    1.126305
23.333333    1.141124
23.636364    1.155944
23.939394    1.170764
24.242424    1.185584
24.545455    1.200404
24.848485    1.215223
25.151515    1.230043
25.454545    1.244863
25.757576    1.259683
26.060606    1.274503
26.363636    1.289322
26.666667    1.304142
26.969697    1.318962
27.272727    1.333782
27.575758    1.348602
27.878788    1.363421
28.181818    1.378241
28.484848    1.393061
28.787879    1.407881
29.090909    1.422701
29.393939    1.437520
29.696970    1.452340
30.000000    1.467160